%YAML:1.0
---
# Camera params for calibration executed on file:
# filename.video
# cam: 2
# with alpha = 1.0
# 
camera_matrix: !!opencv-matrix
   rows: 3
   cols: 3
   dt: d
   data: [ 9.5872817794573780e+02, 0., 6.3502680390691921e+02, 0.,
       9.6294476165727860e+02, 3.5960253410707361e+02, 0., 0., 1. ]
distortion_coefficients: !!opencv-matrix
   rows: 1
   cols: 5
   dt: d
   data: [ 1.2603311083468649e-01, -3.4458113053061440e-01,
       4.1677285467865725e-03, -2.1043424246707351e-03, 0. ]
image_height: 720
image_width: 1280
total_error: 9.7944144675354960e-01
roi: !!opencv-matrix
   rows: 4
   cols: 1
   dt: d
   data: [ 0., 0., 0., 0. ]
rvecs:
   - !!opencv-matrix
      rows: 3
      cols: 1
      dt: d
      data: [ 2.6986997160146183e-02, 6.1911474269561317e-01,
          9.2863906804124610e-02 ]
   - !!opencv-matrix
      rows: 3
      cols: 1
      dt: d
      data: [ -4.3844732898967835e-03, 1.2905525910506377e-01,
          6.2335277320165729e-02 ]
   - !!opencv-matrix
      rows: 3
      cols: 1
      dt: d
      data: [ 9.2794425473291281e-02, 9.6455872291414477e-03,
          5.5987270884554304e-02 ]
   - !!opencv-matrix
      rows: 3
      cols: 1
      dt: d
      data: [ 8.8629097916490290e-02, -5.0547794149576675e-01,
          -2.6624954478059681e-02 ]
   - !!opencv-matrix
      rows: 3
      cols: 1
      dt: d
      data: [ 8.3940503961206836e-01, 2.8791333805910861e-02,
          5.2939721621945081e-02 ]
   - !!opencv-matrix
      rows: 3
      cols: 1
      dt: d
      data: [ -4.8424590390271566e-01, -8.7106249639054598e-02,
          1.0753917995421755e-01 ]
   - !!opencv-matrix
      rows: 3
      cols: 1
      dt: d
      data: [ 7.3321049693000728e-01, -4.2502524442595951e-01,
          6.3513845057966076e-02 ]
   - !!opencv-matrix
      rows: 3
      cols: 1
      dt: d
      data: [ 6.3179211033114391e-01, 7.8501179555073630e-01,
          -3.0582599132078490e-03 ]
   - !!opencv-matrix
      rows: 3
      cols: 1
      dt: d
      data: [ -6.4055291799148506e-01, 4.4577914706562871e-01,
          3.5308095368178988e-01 ]
   - !!opencv-matrix
      rows: 3
      cols: 1
      dt: d
      data: [ -6.7479818165564898e-01, -4.5924696775489909e-01,
          -1.6841349501829367e-01 ]
   - !!opencv-matrix
      rows: 3
      cols: 1
      dt: d
      data: [ 7.3030082709643296e-01, -4.8014404000485533e-01,
          5.6665191307521429e-02 ]
   - !!opencv-matrix
      rows: 3
      cols: 1
      dt: d
      data: [ 1.7524291158702021e-01, 4.5332226252572044e-01,
          1.9144824533291052e-01 ]
   - !!opencv-matrix
      rows: 3
      cols: 1
      dt: d
      data: [ 1.1852305947766761e-01, -5.3711824420626308e-01,
          3.8118706857415155e-02 ]
   - !!opencv-matrix
      rows: 3
      cols: 1
      dt: d
      data: [ -7.2512078614082687e-01, -7.8735625498649708e-02,
          8.0425010415185780e-02 ]
tvecs:
   - !!opencv-matrix
      rows: 3
      cols: 1
      dt: d
      data: [ -3.5519784224796258e-01, -3.0837401876533295e+00,
          1.4892244384566576e+01 ]
   - !!opencv-matrix
      rows: 3
      cols: 1
      dt: d
      data: [ -2.3381871621185444e+00, -2.9545027171895568e+00,
          1.1321806839454256e+01 ]
   - !!opencv-matrix
      rows: 3
      cols: 1
      dt: d
      data: [ -5.6130823855150771e+00, -2.5953259768419836e+00,
          1.0951961835184141e+01 ]
   - !!opencv-matrix
      rows: 3
      cols: 1
      dt: d
      data: [ -4.3843053653495883e+00, -2.3778886688702396e+00,
          9.4019389303876757e+00 ]
   - !!opencv-matrix
      rows: 3
      cols: 1
      dt: d
      data: [ -3.9860265304565647e+00, -1.9710948513317699e+00,
          8.4370481817773495e+00 ]
   - !!opencv-matrix
      rows: 3
      cols: 1
      dt: d
      data: [ -3.2300831800268104e+00, -3.0682264994260455e+00,
          1.0930425450033754e+01 ]
   - !!opencv-matrix
      rows: 3
      cols: 1
      dt: d
      data: [ -2.5622443009711415e+00, -1.2584287921963235e+00,
          6.8392048110135102e+00 ]
   - !!opencv-matrix
      rows: 3
      cols: 1
      dt: d
      data: [ -1.9095086303269455e+00, -2.9654063625576361e+00,
          1.2751587443680865e+01 ]
   - !!opencv-matrix
      rows: 3
      cols: 1
      dt: d
      data: [ -4.5478907182242817e-01, -3.6316857586695597e+00,
          1.4989637107133495e+01 ]
   - !!opencv-matrix
      rows: 3
      cols: 1
      dt: d
      data: [ -4.7984046435456120e+00, -2.5799264445679984e+00,
          1.0709043060049749e+01 ]
   - !!opencv-matrix
      rows: 3
      cols: 1
      dt: d
      data: [ -3.2720304480019946e+00, -1.6427932236906913e+00,
          7.7636715957244808e+00 ]
   - !!opencv-matrix
      rows: 3
      cols: 1
      dt: d
      data: [ -7.5052402100636826e+00, -4.0214462397902713e+00,
          1.3899417853042189e+01 ]
   - !!opencv-matrix
      rows: 3
      cols: 1
      dt: d
      data: [ 1.1671943939360145e+00, -2.5171134654515375e+00,
          9.4911100676446765e+00 ]
   - !!opencv-matrix
      rows: 3
      cols: 1
      dt: d
      data: [ -3.2287425621935668e+00, -2.4780647556143736e+00,
          1.2061483146545267e+01 ]
newcameramtx: !!opencv-matrix
   rows: 0
   cols: 1
   dt: d
   data: []
mapx: !!opencv-matrix
   rows: 0
   cols: 1
   dt: d
   data: []
mapy: !!opencv-matrix
   rows: 0
   cols: 1
   dt: d
   data: []
per_view_error: !!opencv-matrix
   rows: 14
   cols: 1
   dt: d
   data: [ 3.4488162617527446e-01, 3.6862687082688456e-01,
       3.8066547662101585e-01, 2.9322567181252185e-01,
       5.3694703132696509e-01, 4.5457401410245690e-01,
       4.7182403200803624e-01, 3.2783717556858910e-01,
       4.0869567275394969e-01, 4.8353971572173066e-01,
       6.1504611355628636e-01, 7.1931376658638457e-01,
       3.2622957259925407e+00, 4.2474233523380722e-01 ]
