%YAML:1.0
---
# Camera params for calibration executed on file:
# filename.video
# cam: 2
# with alpha = 1.0
# 
camera_matrix: !!opencv-matrix
   rows: 3
   cols: 3
   dt: d
   data: [ 9.5179636975068820e+02, 0., 6.3075624801785943e+02, 0.,
       9.5374889668347066e+02, 3.4445004841188700e+02, 0., 0., 1. ]
distortion_coefficients: !!opencv-matrix
   rows: 1
   cols: 5
   dt: d
   data: [ 7.5078249291222032e-02, 0., 8.7671360911000895e-04,
       -8.5593629234066593e-03, -7.9133335328020671e-01 ]
image_height: 720
image_width: 1280
roi: !!opencv-matrix
   rows: 4
   cols: 1
   dt: d
   data: [ 0., 0., 0., 0. ]
rvecs:
   - !!opencv-matrix
      rows: 3
      cols: 1
      dt: d
      data: [ -6.6654103447563529e-01, 4.5145505723271662e-01,
          3.5585579219961139e-01 ]
   - !!opencv-matrix
      rows: 3
      cols: 1
      dt: d
      data: [ 1.5068283978286010e-01, 4.5555062652129552e-01,
          1.8562792745945314e-01 ]
   - !!opencv-matrix
      rows: 3
      cols: 1
      dt: d
      data: [ 1.0009522592784466e-01, -5.2395018122017500e-01,
          3.9336486879578525e-02 ]
   - !!opencv-matrix
      rows: 3
      cols: 1
      dt: d
      data: [ 6.0570152141165712e-01, 7.8275986901226002e-01,
          -9.0428833552917975e-03 ]
   - !!opencv-matrix
      rows: 3
      cols: 1
      dt: d
      data: [ 7.0779664227298256e-01, -4.2474341632958557e-01,
          6.0279771903167356e-02 ]
   - !!opencv-matrix
      rows: 3
      cols: 1
      dt: d
      data: [ -2.7846565595087542e-02, 1.2754463109280892e-01,
          6.0710198056137879e-02 ]
   - !!opencv-matrix
      rows: 3
      cols: 1
      dt: d
      data: [ -5.0537045223449639e-01, -8.6557513995730972e-02,
          1.0796212805450262e-01 ]
   - !!opencv-matrix
      rows: 3
      cols: 1
      dt: d
      data: [ -4.9335732408871480e-03, 6.1505266731460284e-01,
          9.1853629441234930e-02 ]
   - !!opencv-matrix
      rows: 3
      cols: 1
      dt: d
      data: [ 6.2697633782122522e-02, 8.8668417651075349e-03,
          5.2132797799354078e-02 ]
   - !!opencv-matrix
      rows: 3
      cols: 1
      dt: d
      data: [ 8.1104869547807124e-01, 2.7803968568409533e-02,
          4.7662835345316221e-02 ]
   - !!opencv-matrix
      rows: 3
      cols: 1
      dt: d
      data: [ 6.4193619330204704e-02, -5.1506359752855047e-01,
          -2.8025222299529137e-02 ]
   - !!opencv-matrix
      rows: 3
      cols: 1
      dt: d
      data: [ -6.9549291192856100e-01, -4.6061187349557475e-01,
          -1.6696301754592424e-01 ]
   - !!opencv-matrix
      rows: 3
      cols: 1
      dt: d
      data: [ 7.0405354501765427e-01, -4.8238196497670910e-01,
          5.3036651491481540e-02 ]
   - !!opencv-matrix
      rows: 3
      cols: 1
      dt: d
      data: [ -7.4849258207217673e-01, -7.7670846126744575e-02,
          8.2046494585757704e-02 ]
tvecs:
   - !!opencv-matrix
      rows: 3
      cols: 1
      dt: d
      data: [ -3.7798892659446659e-01, -3.3998618987543949e+00,
          1.4928821653695572e+01 ]
   - !!opencv-matrix
      rows: 3
      cols: 1
      dt: d
      data: [ -7.4661646764537952e+00, -3.8000085496371363e+00,
          1.3946857607286356e+01 ]
   - !!opencv-matrix
      rows: 3
      cols: 1
      dt: d
      data: [ 1.2057377287934254e+00, -2.3643036952791925e+00,
          9.3892426583516162e+00 ]
   - !!opencv-matrix
      rows: 3
      cols: 1
      dt: d
      data: [ -1.8590794753557502e+00, -2.7636107521859543e+00,
          1.2722053184986073e+01 ]
   - !!opencv-matrix
      rows: 3
      cols: 1
      dt: d
      data: [ -2.5262551353199556e+00, -1.1459313250840606e+00,
          6.7972763252520014e+00 ]
   - !!opencv-matrix
      rows: 3
      cols: 1
      dt: d
      data: [ -2.2891650222237567e+00, -2.7801148017061101e+00,
          1.1268641400809843e+01 ]
   - !!opencv-matrix
      rows: 3
      cols: 1
      dt: d
      data: [ -3.1855316887530001e+00, -2.9053517835017524e+00,
          1.0919465510811195e+01 ]
   - !!opencv-matrix
      rows: 3
      cols: 1
      dt: d
      data: [ -2.8645008216125811e-01, -2.8532987884849104e+00,
          1.4823288237941799e+01 ]
   - !!opencv-matrix
      rows: 3
      cols: 1
      dt: d
      data: [ -5.5834090250893933e+00, -2.4168294295775650e+00,
          1.0991083618474891e+01 ]
   - !!opencv-matrix
      rows: 3
      cols: 1
      dt: d
      data: [ -3.9524328491509477e+00, -1.8368815915114005e+00,
          8.4368257745741779e+00 ]
   - !!opencv-matrix
      rows: 3
      cols: 1
      dt: d
      data: [ -4.3250961459581623e+00, -2.2249676017855582e+00,
          9.3507986508569445e+00 ]
   - !!opencv-matrix
      rows: 3
      cols: 1
      dt: d
      data: [ -4.7571739453112345e+00, -2.4177126824149813e+00,
          1.0708973010523247e+01 ]
   - !!opencv-matrix
      rows: 3
      cols: 1
      dt: d
      data: [ -3.2299457242432279e+00, -1.5158208035116221e+00,
          7.7293166844397749e+00 ]
   - !!opencv-matrix
      rows: 3
      cols: 1
      dt: d
      data: [ -3.1796081910059808e+00, -2.2949725529680491e+00,
          1.2046891272104999e+01 ]
newcameramtx: !!opencv-matrix
   rows: 0
   cols: 1
   dt: d
   data: []
mapx: !!opencv-matrix
   rows: 0
   cols: 1
   dt: d
   data: []
mapy: !!opencv-matrix
   rows: 0
   cols: 1
   dt: d
   data: []
