%YAML:1.0
---
# Camera params for calibration executed on file:
# filename.video
# cam: 1
# with alpha = 0
# 
camera_matrix: !!opencv-matrix
   rows: 3
   cols: 3
   dt: d
   data: [ 1.3641848971760701e+03, 0., 9.5812162880514370e+02, 0.,
       1.3674416283605408e+03, 5.3945020825161362e+02, 0., 0., 1. ]
distortion_coefficients: !!opencv-matrix
   rows: 1
   cols: 5
   dt: d
   data: [ 4.0844291685092224e-02, -1.9110267469577030e-01, 0., 0., 0. ]
image_height: 1080
image_width: 1920
roi: !!opencv-matrix
   rows: 4
   cols: 1
   dt: d
   data: [ 0., 0., 0., 0. ]
rvecs:
   - !!opencv-matrix
      rows: 3
      cols: 1
      dt: d
      data: [ -5.3914902254713792e-02, 1.1657253534682525e-01,
          1.0097904787067989e-01 ]
   - !!opencv-matrix
      rows: 3
      cols: 1
      dt: d
      data: [ 7.0498544500839699e-02, -5.6960459138254670e-02,
          4.5461472598567858e-02 ]
   - !!opencv-matrix
      rows: 3
      cols: 1
      dt: d
      data: [ 2.0716438180106864e-02, 2.3697076828481095e-01,
          6.3690307672961341e-02 ]
   - !!opencv-matrix
      rows: 3
      cols: 1
      dt: d
      data: [ 4.7508514706933502e-01, -5.6108519344023877e-01,
          3.9233385323625532e-02 ]
   - !!opencv-matrix
      rows: 3
      cols: 1
      dt: d
      data: [ 1.0179299916397693e-02, 5.2060196906110953e-02,
          2.6909190161991281e-01 ]
   - !!opencv-matrix
      rows: 3
      cols: 1
      dt: d
      data: [ 7.6394485197865758e-01, 1.7493639374622963e-01,
          1.9398950349211078e-02 ]
   - !!opencv-matrix
      rows: 3
      cols: 1
      dt: d
      data: [ 6.2757450546211924e-01, 5.6649971328732651e-01,
          -1.0391335649375701e-01 ]
   - !!opencv-matrix
      rows: 3
      cols: 1
      dt: d
      data: [ 1.5857299136868785e-02, 7.4772732903317773e-01,
          7.0699825857958684e-02 ]
   - !!opencv-matrix
      rows: 3
      cols: 1
      dt: d
      data: [ 7.3119863454076950e-01, 5.4171548392288804e-01,
          -2.3520572397475337e-02 ]
   - !!opencv-matrix
      rows: 3
      cols: 1
      dt: d
      data: [ 8.9627295818292610e-02, -2.1986392120695974e-02,
          5.5968861166689289e-02 ]
   - !!opencv-matrix
      rows: 3
      cols: 1
      dt: d
      data: [ -2.9050785067776846e-02, -4.8613962445471359e-01,
          -6.9479428219100151e-02 ]
   - !!opencv-matrix
      rows: 3
      cols: 1
      dt: d
      data: [ -6.1512295301695141e-01, -4.4849806756905719e-01,
          -1.8514764659251773e-01 ]
   - !!opencv-matrix
      rows: 3
      cols: 1
      dt: d
      data: [ 3.7581020941216452e-02, 6.9243013180780044e-01,
          2.5157960157559278e-01 ]
   - !!opencv-matrix
      rows: 3
      cols: 1
      dt: d
      data: [ -5.8586889580888958e-02, 8.1048134106868577e-02,
          8.4629290455327897e-04 ]
   - !!opencv-matrix
      rows: 3
      cols: 1
      dt: d
      data: [ 8.3771356185708093e-02, -4.1793443061875446e-01,
          6.7164504078998821e-02 ]
   - !!opencv-matrix
      rows: 3
      cols: 1
      dt: d
      data: [ 4.9108537511191541e-01, 2.8933512387520355e-01,
          7.0988390932820805e-02 ]
   - !!opencv-matrix
      rows: 3
      cols: 1
      dt: d
      data: [ 2.7282126988139779e-03, 2.3739565321377998e-02,
          7.3576947948674979e-03 ]
   - !!opencv-matrix
      rows: 3
      cols: 1
      dt: d
      data: [ -5.3432495958366999e-01, -9.1921546908086925e-03,
          2.2925248363269250e-02 ]
   - !!opencv-matrix
      rows: 3
      cols: 1
      dt: d
      data: [ -5.3587769335446278e-01, -4.9979606337507965e-01,
          -1.0799377399416395e-01 ]
   - !!opencv-matrix
      rows: 3
      cols: 1
      dt: d
      data: [ 6.0942071482172133e-01, 1.9498488118682883e-01,
          -3.1985548285903477e-02 ]
   - !!opencv-matrix
      rows: 3
      cols: 1
      dt: d
      data: [ -5.3163842100984850e-03, -4.2775114081458634e-02,
          -1.5477851146984937e-02 ]
   - !!opencv-matrix
      rows: 3
      cols: 1
      dt: d
      data: [ -6.3511770892691488e-01, 6.3262879153626606e-01,
          2.0841282506444420e-01 ]
   - !!opencv-matrix
      rows: 3
      cols: 1
      dt: d
      data: [ 4.6213002065120246e-01, 1.2158478335516375e-01,
          3.3844765487216232e-02 ]
   - !!opencv-matrix
      rows: 3
      cols: 1
      dt: d
      data: [ 7.7370883260995882e-01, -4.7781815858008264e-01,
          1.0730767568102180e-01 ]
   - !!opencv-matrix
      rows: 3
      cols: 1
      dt: d
      data: [ -7.0947228342732604e-01, 2.9848548604760657e-02,
          3.7700825407806629e-02 ]
   - !!opencv-matrix
      rows: 3
      cols: 1
      dt: d
      data: [ 3.2488861674804387e-02, -3.4264600000793274e-02,
          2.0600568904446729e-02 ]
   - !!opencv-matrix
      rows: 3
      cols: 1
      dt: d
      data: [ -3.8835628911433238e-02, -2.6356957348649651e-01,
          5.0564694930435673e-02 ]
   - !!opencv-matrix
      rows: 3
      cols: 1
      dt: d
      data: [ -7.9501053585659009e-01, 2.0433981779131580e-01,
          5.6508031770577026e-02 ]
   - !!opencv-matrix
      rows: 3
      cols: 1
      dt: d
      data: [ -8.9994448759751128e-02, 3.7523608600900017e-02,
          1.4018428898282219e-02 ]
   - !!opencv-matrix
      rows: 3
      cols: 1
      dt: d
      data: [ -4.8411324083140977e-01, 5.5324840163900246e-01,
          2.4060620492007101e-01 ]
   - !!opencv-matrix
      rows: 3
      cols: 1
      dt: d
      data: [ 8.7126655345693782e-01, 1.8238984405619396e-01,
          1.1337938692805269e-02 ]
