%YAML:1.0
---
# Camera params for calibration executed on file:
# filename.video
# cam: 2
# with alpha = 1.0
# 
camera_matrix: !!opencv-matrix
   rows: 3
   cols: 3
   dt: d
   data: [ 9.5304183718559830e+02, 0., 6.2748524164803916e+02, 0.,
       9.5489651288070240e+02, 3.4440865650037875e+02, 0., 0., 1. ]
distortion_coefficients: !!opencv-matrix
   rows: 5
   cols: 1
   dt: d
   data: [ 4.3621677062949477e-02, 2.2749276871217475e-01,
       7.5687393893614902e-04, -9.6406369625908917e-03,
       -1.2390060807285366e+00 ]
image_height: 720
image_width: 1280
roi: !!opencv-matrix
   rows: 4
   cols: 1
   dt: d
   data: [ 0., 0., 0., 0. ]
rvecs:
   - !!opencv-matrix
      rows: 3
      cols: 1
      dt: d
      data: [ -6.6627783555199527e-01, 4.5467834799112405e-01,
          3.5712991458455096e-01 ]
   - !!opencv-matrix
      rows: 3
      cols: 1
      dt: d
      data: [ 1.5049927949906505e-01, 4.6022690149562562e-01,
          1.8539797327216051e-01 ]
   - !!opencv-matrix
      rows: 3
      cols: 1
      dt: d
      data: [ 1.0076664119825833e-01, -5.1944695209471925e-01,
          3.9181956776611654e-02 ]
   - !!opencv-matrix
      rows: 3
      cols: 1
      dt: d
      data: [ 6.0597582583905529e-01, 7.8597637979338209e-01,
          -1.0111296809177432e-02 ]
   - !!opencv-matrix
      rows: 3
      cols: 1
      dt: d
      data: [ 7.0776675719074311e-01, -4.2156724730009731e-01,
          5.9055034387756222e-02 ]
   - !!opencv-matrix
      rows: 3
      cols: 1
      dt: d
      data: [ -2.7950731230776380e-02, 1.2983064190858565e-01,
          6.0774809164600707e-02 ]
   - !!opencv-matrix
      rows: 3
      cols: 1
      dt: d
      data: [ -5.0525740754243453e-01, -8.3513787352877983e-02,
          1.0879528453968149e-01 ]
   - !!opencv-matrix
      rows: 3
      cols: 1
      dt: d
      data: [ -4.8080093829879177e-03, 6.1802734919222846e-01,
          9.1890483075913368e-02 ]
   - !!opencv-matrix
      rows: 3
      cols: 1
      dt: d
      data: [ 6.2192777970463693e-02, 1.3456650238398517e-02,
          5.1929990422044381e-02 ]
   - !!opencv-matrix
      rows: 3
      cols: 1
      dt: d
      data: [ 8.1106461825663234e-01, 3.0818168837294720e-02,
          4.6342436024437592e-02 ]
   - !!opencv-matrix
      rows: 3
      cols: 1
      dt: d
      data: [ 6.4052154779009343e-02, -5.1192184080335046e-01,
          -2.8146023226800109e-02 ]
   - !!opencv-matrix
      rows: 3
      cols: 1
      dt: d
      data: [ -6.9568849080019379e-01, -4.5730763834190985e-01,
          -1.6568968205565593e-01 ]
   - !!opencv-matrix
      rows: 3
      cols: 1
      dt: d
      data: [ 7.0406321284885454e-01, -4.7931875296850779e-01,
          5.1884820857181033e-02 ]
   - !!opencv-matrix
      rows: 3
      cols: 1
      dt: d
      data: [ -7.4851820868804153e-01, -7.4566621524305307e-02,
          8.3266575557701880e-02 ]
tvecs:
   - !!opencv-matrix
      rows: 3
      cols: 1
      dt: d
      data: [ -3.2620828210851938e-01, -3.3986961797490012e+00,
          1.4933346980165091e+01 ]
   - !!opencv-matrix
      rows: 3
      cols: 1
      dt: d
      data: [ -7.4143619616289627e+00, -3.7991953614444429e+00,
          1.3974817355452082e+01 ]
   - !!opencv-matrix
      rows: 3
      cols: 1
      dt: d
      data: [ 1.2379976862952840e+00, -2.3631613511274643e+00,
          9.3897310051483949e+00 ]
   - !!opencv-matrix
      rows: 3
      cols: 1
      dt: d
      data: [ -1.8154363737382673e+00, -2.7629515133205156e+00,
          1.2730904380492763e+01 ]
   - !!opencv-matrix
      rows: 3
      cols: 1
      dt: d
      data: [ -2.5028171098580612e+00, -1.1453140810623632e+00,
          6.8056174468263722e+00 ]
   - !!opencv-matrix
      rows: 3
      cols: 1
      dt: d
      data: [ -2.2503425399391737e+00, -2.7796091818175190e+00,
          1.1274983347973066e+01 ]
   - !!opencv-matrix
      rows: 3
      cols: 1
      dt: d
      data: [ -3.1481989295182591e+00, -2.9049412817050597e+00,
          1.0929501537946077e+01 ]
   - !!opencv-matrix
      rows: 3
      cols: 1
      dt: d
      data: [ -2.3558550168278844e-01, -2.8526540956571909e+00,
          1.4827618597179020e+01 ]
   - !!opencv-matrix
      rows: 3
      cols: 1
      dt: d
      data: [ -5.5460617068480769e+00, -2.4161364316027729e+00,
          1.1016423084479285e+01 ]
   - !!opencv-matrix
      rows: 3
      cols: 1
      dt: d
      data: [ -3.9231310333565510e+00, -1.8364082743997883e+00,
          8.4504842750158851e+00 ]
   - !!opencv-matrix
      rows: 3
      cols: 1
      dt: d
      data: [ -4.2923381899455686e+00, -2.2243251720663664e+00,
          9.3657925227201773e+00 ]
   - !!opencv-matrix
      rows: 3
      cols: 1
      dt: d
      data: [ -4.7204505123761296e+00, -2.4173259175909672e+00,
          1.0726777245420893e+01 ]
   - !!opencv-matrix
      rows: 3
      cols: 1
      dt: d
      data: [ -3.2027485440761749e+00, -1.5151124383868275e+00,
          7.7394778637397987e+00 ]
   - !!opencv-matrix
      rows: 3
      cols: 1
      dt: d
      data: [ -3.1386907156221380e+00, -2.2941725319199477e+00,
          1.2057365747694227e+01 ]
newcameramtx: !!opencv-matrix
   rows: 0
   cols: 1
   dt: d
   data: []
mapx: !!opencv-matrix
   rows: 0
   cols: 1
   dt: d
   data: []
mapy: !!opencv-matrix
   rows: 0
   cols: 1
   dt: d
   data: []
