%YAML:1.0
---
# Camera params for calibration executed on file:
# filename.video
# cam: 2
# with alpha = 0.0
# 
camera_matrix: !!opencv-matrix
   rows: 3
   cols: 3
   dt: d
   data: [ 9.4979104430143218e+02, 0., 6.3895414449820419e+02, 0.,
       9.5186921135121747e+02, 3.4511112000753246e+02, 0., 0., 1. ]
distortion_coefficients: !!opencv-matrix
   rows: 5
   cols: 1
   dt: d
   data: [ 1.2663905683125004e-01, -3.8822165839795475e-01,
       1.3257653295434546e-03, -5.8286071951304669e-03, 0. ]
image_height: 720
image_width: 1280
roi: !!opencv-matrix
   rows: 4
   cols: 1
   dt: d
   data: [ 0., 0., 0., 0. ]
rvecs:
   - !!opencv-matrix
      rows: 3
      cols: 1
      dt: d
      data: [ -6.6657859719034285e-01, 4.4333036424098449e-01,
          3.5271664440600053e-01 ]
   - !!opencv-matrix
      rows: 3
      cols: 1
      dt: d
      data: [ 1.5120381372199390e-01, 4.4473522833684048e-01,
          1.8640183177284000e-01 ]
   - !!opencv-matrix
      rows: 3
      cols: 1
      dt: d
      data: [ 9.9653522742666770e-02, -5.3470171119046006e-01,
          3.9481840598825722e-02 ]
   - !!opencv-matrix
      rows: 3
      cols: 1
      dt: d
      data: [ 6.0556839755030167e-01, 7.7468286691349408e-01,
          -6.1641439377454303e-03 ]
   - !!opencv-matrix
      rows: 3
      cols: 1
      dt: d
      data: [ 7.0845014033266451e-01, -4.3277143422792880e-01,
          6.3232117521783218e-02 ]
   - !!opencv-matrix
      rows: 3
      cols: 1
      dt: d
      data: [ -2.7133704920512682e-02, 1.2149421071519687e-01,
          6.0566400062091096e-02 ]
   - !!opencv-matrix
      rows: 3
      cols: 1
      dt: d
      data: [ -5.0508646231855492e-01, -9.4296009887902807e-02,
          1.0584270922319773e-01 ]
   - !!opencv-matrix
      rows: 3
      cols: 1
      dt: d
      data: [ -4.7205669996507387e-03, 6.0752007493614579e-01,
          9.1899068884638127e-02 ]
   - !!opencv-matrix
      rows: 3
      cols: 1
      dt: d
      data: [ 6.4362824976696070e-02, -1.5750945504903889e-03,
          5.2681271116892456e-02 ]
   - !!opencv-matrix
      rows: 3
      cols: 1
      dt: d
      data: [ 8.1160535473344153e-01, 2.0175046160114996e-02,
          5.1009850152419704e-02 ]
   - !!opencv-matrix
      rows: 3
      cols: 1
      dt: d
      data: [ 6.5034410873542156e-02, -5.2297294790492688e-01,
          -2.7840056629532865e-02 ]
   - !!opencv-matrix
      rows: 3
      cols: 1
      dt: d
      data: [ -6.9455516503081349e-01, -4.6888309854145221e-01,
          -1.7025273641174479e-01 ]
   - !!opencv-matrix
      rows: 3
      cols: 1
      dt: d
      data: [ 7.0472339729556921e-01, -4.9023304604926415e-01,
          5.5834618233874429e-02 ]
   - !!opencv-matrix
      rows: 3
      cols: 1
      dt: d
      data: [ -7.4794842218340363e-01, -8.5455062124918379e-02,
          7.8964966090203315e-02 ]
tvecs:
   - !!opencv-matrix
      rows: 3
      cols: 1
      dt: d
      data: [ -5.0761866408771972e-01, -3.4113902544044379e+00,
          1.4916795130122495e+01 ]
   - !!opencv-matrix
      rows: 3
      cols: 1
      dt: d
      data: [ -7.5930171150499266e+00, -3.8104156745539002e+00,
          1.3878426699932158e+01 ]
   - !!opencv-matrix
      rows: 3
      cols: 1
      dt: d
      data: [ 1.1241941188244149e+00, -2.3719168297452073e+00,
          9.3849516143514879e+00 ]
   - !!opencv-matrix
      rows: 3
      cols: 1
      dt: d
      data: [ -1.9683500552917370e+00, -2.7725774194708968e+00,
          1.2699046054182075e+01 ]
   - !!opencv-matrix
      rows: 3
      cols: 1
      dt: d
      data: [ -2.5848987153792384e+00, -1.1514203445934517e+00,
          6.7750438862339681e+00 ]
   - !!opencv-matrix
      rows: 3
      cols: 1
      dt: d
      data: [ -2.3864346831532379e+00, -2.7879280466414182e+00,
          1.1251146416279150e+01 ]
   - !!opencv-matrix
      rows: 3
      cols: 1
      dt: d
      data: [ -3.2790303941653196e+00, -2.9128200118055600e+00,
          1.0891631956876150e+01 ]
   - !!opencv-matrix
      rows: 3
      cols: 1
      dt: d
      data: [ -4.1404107151902225e-01, -2.8634910115009213e+00,
          1.4811614976334493e+01 ]
   - !!opencv-matrix
      rows: 3
      cols: 1
      dt: d
      data: [ -5.6768960153954611e+00, -2.4253040191880650e+00,
          1.0930819425300276e+01 ]
   - !!opencv-matrix
      rows: 3
      cols: 1
      dt: d
      data: [ -4.0255527084963738e+00, -1.8430110279194027e+00,
          8.4011649135490511e+00 ]
   - !!opencv-matrix
      rows: 3
      cols: 1
      dt: d
      data: [ -4.4070744027703403e+00, -2.2322491800174209e+00,
          9.3129442617633664e+00 ]
   - !!opencv-matrix
      rows: 3
      cols: 1
      dt: d
      data: [ -4.8489980054568589e+00, -2.4249486534584830e+00,
          1.0663005730463590e+01 ]
   - !!opencv-matrix
      rows: 3
      cols: 1
      dt: d
      data: [ -3.2975724910169135e+00, -1.5218829542407952e+00,
          7.7018227558889807e+00 ]
   - !!opencv-matrix
      rows: 3
      cols: 1
      dt: d
      data: [ -3.2820790403187052e+00, -2.3037994356118516e+00,
          1.2018875814390199e+01 ]
newcameramtx: !!opencv-matrix
   rows: 0
   cols: 1
   dt: d
   data: []
mapx: !!opencv-matrix
   rows: 0
   cols: 1
   dt: d
   data: []
mapy: !!opencv-matrix
   rows: 0
   cols: 1
   dt: d
   data: []
