%YAML:1.0
---
# Camera params for calibration executed on file:
# filename.video
# cam: 1
# with alpha = 0.0
# 
camera_matrix: !!opencv-matrix
   rows: 3
   cols: 3
   dt: d
   data: [ 9.1017470905867424e+02, 0., 6.3860330635335629e+02, 0.,
       9.1230187361336743e+02, 3.5946672470147143e+02, 0., 0., 1. ]
distortion_coefficients: !!opencv-matrix
   rows: 1
   cols: 5
   dt: d
   data: [ 4.0697520774043712e-02, -1.9127615093759806e-01, 0., 0., 0. ]
image_height: 720
image_width: 1280
roi: !!opencv-matrix
   rows: 4
   cols: 1
   dt: d
   data: [ 0., 0., 0., 0. ]
rvecs:
   - !!opencv-matrix
      rows: 3
      cols: 1
      dt: d
      data: [ -5.4015550805595641e-02, 1.1626805714635746e-01,
          1.0105511404799596e-01 ]
   - !!opencv-matrix
      rows: 3
      cols: 1
      dt: d
      data: [ 7.0435707831445940e-02, -5.7210423637909562e-02,
          4.5492628031074060e-02 ]
   - !!opencv-matrix
      rows: 3
      cols: 1
      dt: d
      data: [ 2.0563527935339727e-02, 2.3712412236180372e-01,
          6.3740378546437368e-02 ]
   - !!opencv-matrix
      rows: 3
      cols: 1
      dt: d
      data: [ 4.7500974948142483e-01, -5.6106122913100831e-01,
          3.9174782791301037e-02 ]
   - !!opencv-matrix
      rows: 3
      cols: 1
      dt: d
      data: [ 9.8871015892679579e-03, 5.1984458490233823e-02,
          2.6910113717189432e-01 ]
   - !!opencv-matrix
      rows: 3
      cols: 1
      dt: d
      data: [ 7.6385710638538873e-01, 1.7473417942770242e-01,
          1.9440993638347823e-02 ]
   - !!opencv-matrix
      rows: 3
      cols: 1
      dt: d
      data: [ 6.2759429535760280e-01, 5.6632017952987845e-01,
          -1.0387191765477281e-01 ]
   - !!opencv-matrix
      rows: 3
      cols: 1
      dt: d
      data: [ 1.5695407193557033e-02, 7.4786345610736549e-01,
          7.0702412202207202e-02 ]
   - !!opencv-matrix
      rows: 3
      cols: 1
      dt: d
      data: [ 7.3241775160521283e-01, 5.4072537524430386e-01,
          -2.2961757014109990e-02 ]
   - !!opencv-matrix
      rows: 3
      cols: 1
      dt: d
      data: [ 8.9650756779102045e-02, -2.1794872645943895e-02,
          5.6014306366802220e-02 ]
   - !!opencv-matrix
      rows: 3
      cols: 1
      dt: d
      data: [ -2.8873266540898071e-02, -4.8626937622049371e-01,
          -6.9422106326896271e-02 ]
   - !!opencv-matrix
      rows: 3
      cols: 1
      dt: d
      data: [ -6.1541018033412620e-01, -4.4841084205893522e-01,
          -1.8503468494877492e-01 ]
   - !!opencv-matrix
      rows: 3
      cols: 1
      dt: d
      data: [ 3.7350107275710011e-02, 6.9238043378058700e-01,
          2.5163158869536872e-01 ]
   - !!opencv-matrix
      rows: 3
      cols: 1
      dt: d
      data: [ -5.8329893282202998e-02, 8.1086801146469323e-02,
          8.7203342141602960e-04 ]
   - !!opencv-matrix
      rows: 3
      cols: 1
      dt: d
      data: [ 8.4037913132636172e-02, -4.1770153674311339e-01,
          6.7232544470981356e-02 ]
   - !!opencv-matrix
      rows: 3
      cols: 1
      dt: d
      data: [ 4.9103903824073669e-01, 2.8939776367827541e-01,
          7.1038322588168556e-02 ]
   - !!opencv-matrix
      rows: 3
      cols: 1
      dt: d
      data: [ 2.5801528794434639e-03, 2.3810440548372752e-02,
          7.3906559516355823e-03 ]
   - !!opencv-matrix
      rows: 3
      cols: 1
      dt: d
      data: [ -5.3466407719933451e-01, -9.0171671080711974e-03,
          2.3019432854271937e-02 ]
   - !!opencv-matrix
      rows: 3
      cols: 1
      dt: d
      data: [ -5.3609111185147540e-01, -4.9996572569952824e-01,
          -1.0796879228253531e-01 ]
   - !!opencv-matrix
      rows: 3
      cols: 1
      dt: d
      data: [ 6.0947278423043805e-01, 1.9471252155147217e-01,
          -3.1896220291308008e-02 ]
   - !!opencv-matrix
      rows: 3
      cols: 1
      dt: d
      data: [ -5.4330756906551059e-03, -4.2710863554063311e-02,
          -1.5401253268810818e-02 ]
   - !!opencv-matrix
      rows: 3
      cols: 1
      dt: d
      data: [ -6.3530054416814596e-01, 6.3244743343098164e-01,
          2.0841330149131268e-01 ]
   - !!opencv-matrix
      rows: 3
      cols: 1
      dt: d
      data: [ 4.6209699786461872e-01, 1.2150114274399755e-01,
          3.3855378882383921e-02 ]
   - !!opencv-matrix
      rows: 3
      cols: 1
      dt: d
      data: [ 7.7358400259190352e-01, -4.7797925211744280e-01,
          1.0727954941371549e-01 ]
   - !!opencv-matrix
      rows: 3
      cols: 1
      dt: d
      data: [ -7.0973306541408654e-01, 2.9742430194941223e-02,
          3.7852900517786427e-02 ]
   - !!opencv-matrix
      rows: 3
      cols: 1
      dt: d
      data: [ 3.2276037466173794e-02, -3.4210209311778220e-02,
          2.0628646083316011e-02 ]
   - !!opencv-matrix
      rows: 3
      cols: 1
      dt: d
      data: [ -3.8841854901404037e-02, -2.6383103750492254e-01,
          5.0577513918013649e-02 ]
   - !!opencv-matrix
      rows: 3
      cols: 1
      dt: d
      data: [ -7.9521351087016290e-01, 2.0427822051156616e-01,
          5.6615670684119691e-02 ]
   - !!opencv-matrix
      rows: 3
      cols: 1
      dt: d
      data: [ -9.0187387721422957e-02, 3.7724322622814818e-02,
          1.4033250918400715e-02 ]
   - !!opencv-matrix
      rows: 3
      cols: 1
      dt: d
      data: [ -4.8431866498799381e-01, 5.5323903784816608e-01,
          2.4067121756895568e-01 ]
   - !!opencv-matrix
      rows: 3
      cols: 1
      dt: d
      data: [ 8.7115437449784472e-01, 1.8222634228929291e-01,
          1.1334905695951067e-02 ]
