%YAML:1.0
---
# Camera params for calibration executed on file:
# filename.video
# cam: 2
# with alpha = 0.0
# 
camera_matrix: !!opencv-matrix
   rows: 3
   cols: 3
   dt: d
   data: [ 9.5097754403189344e+02, 0., 6.3486264087313793e+02, 0.,
       9.5300723905472728e+02, 3.4466392507002979e+02, 0., 0., 1. ]
distortion_coefficients: !!opencv-matrix
   rows: 5
   cols: 1
   dt: d
   data: [ 9.4289884840706051e-02, -1.5084894348996936e-01,
       1.0503213969080521e-03, -7.1870457590744140e-03,
       -4.7560916331244341e-01 ]
image_height: 720
image_width: 1280
roi: !!opencv-matrix
   rows: 4
   cols: 1
   dt: d
   data: [ 0., 0., 0., 0. ]
rvecs:
   - !!opencv-matrix
      rows: 3
      cols: 1
      dt: d
      data: [ -6.6668622311304149e-01, 4.4739921101134011e-01,
          3.5425925259917557e-01 ]
   - !!opencv-matrix
      rows: 3
      cols: 1
      dt: d
      data: [ 1.5098563313301858e-01, 4.5001923466238636e-01,
          1.8596788176048393e-01 ]
   - !!opencv-matrix
      rows: 3
      cols: 1
      dt: d
      data: [ 9.9664349455016940e-02, -5.2951372493048987e-01,
          3.9465205898135167e-02 ]
   - !!opencv-matrix
      rows: 3
      cols: 1
      dt: d
      data: [ 6.0554607951201767e-01, 7.7871769244682887e-01,
          -7.6443473622141486e-03 ]
   - !!opencv-matrix
      rows: 3
      cols: 1
      dt: d
      data: [ 7.0803002631238998e-01, -4.2875868494324809e-01,
          6.1783892214576287e-02 ]
   - !!opencv-matrix
      rows: 3
      cols: 1
      dt: d
      data: [ -2.7591143015829378e-02, 1.2443714047740423e-01,
          6.0635770905229876e-02 ]
   - !!opencv-matrix
      rows: 3
      cols: 1
      dt: d
      data: [ -5.0533788031520677e-01, -9.0410498388604377e-02,
          1.0690751867650394e-01 ]
   - !!opencv-matrix
      rows: 3
      cols: 1
      dt: d
      data: [ -4.9131274712822543e-03, 6.1125871949862221e-01,
          9.1847754866606637e-02 ]
   - !!opencv-matrix
      rows: 3
      cols: 1
      dt: d
      data: [ 6.3307468812924053e-02, 3.5267191434792495e-03,
          5.2388696894465528e-02 ]
   - !!opencv-matrix
      rows: 3
      cols: 1
      dt: d
      data: [ 8.1122749665668825e-01, 2.3963380494399066e-02,
          4.9336168367676361e-02 ]
   - !!opencv-matrix
      rows: 3
      cols: 1
      dt: d
      data: [ 6.4515413499196275e-02, -5.1904802962909080e-01,
          -2.7908345698351749e-02 ]
   - !!opencv-matrix
      rows: 3
      cols: 1
      dt: d
      data: [ -6.9515651571872261e-01, -4.6476749211490687e-01,
          -1.6859052932071472e-01 ]
   - !!opencv-matrix
      rows: 3
      cols: 1
      dt: d
      data: [ 7.0430239037555020e-01, -4.8633402415034088e-01,
          5.4465766152016100e-02 ]
   - !!opencv-matrix
      rows: 3
      cols: 1
      dt: d
      data: [ -7.4836463003465592e-01, -8.1570225118170622e-02,
          8.0507854184884528e-02 ]
tvecs:
   - !!opencv-matrix
      rows: 3
      cols: 1
      dt: d
      data: [ -4.4290245138310680e-01, -3.4037698082870795e+00,
          1.4923206931088215e+01 ]
   - !!opencv-matrix
      rows: 3
      cols: 1
      dt: d
      data: [ -7.5300979154521661e+00, -3.8034052208308489e+00,
          1.3911548017452002e+01 ]
   - !!opencv-matrix
      rows: 3
      cols: 1
      dt: d
      data: [ 1.1650415012093194e+00, -2.3670361299218130e+00,
          9.3868469158657977e+00 ]
   - !!opencv-matrix
      rows: 3
      cols: 1
      dt: d
      data: [ -1.9138295915318906e+00, -2.7665352026826504e+00,
          1.2710573222288165e+01 ]
   - !!opencv-matrix
      rows: 3
      cols: 1
      dt: d
      data: [ -2.5556366878387280e+00, -1.1477738370739365e+00,
          6.7859424952240950e+00 ]
   - !!opencv-matrix
      rows: 3
      cols: 1
      dt: d
      data: [ -2.3378928043065330e+00, -2.7826428030291011e+00,
          1.1259663115346864e+01 ]
   - !!opencv-matrix
      rows: 3
      cols: 1
      dt: d
      data: [ -3.2323811152025366e+00, -2.9077383953310036e+00,
          1.0905591523987351e+01 ]
   - !!opencv-matrix
      rows: 3
      cols: 1
      dt: d
      data: [ -3.5035457362595640e-01, -2.8566052466026162e+00,
          1.4817938566985672e+01 ]
   - !!opencv-matrix
      rows: 3
      cols: 1
      dt: d
      data: [ -5.6303557986637687e+00, -2.4196407548811707e+00,
          1.0960944924165856e+01 ]
   - !!opencv-matrix
      rows: 3
      cols: 1
      dt: d
      data: [ -3.9890711075759482e+00, -1.8388261393991525e+00,
          8.4188419505518510e+00 ]
   - !!opencv-matrix
      rows: 3
      cols: 1
      dt: d
      data: [ -4.3661842286581569e+00, -2.2273841660245308e+00,
          9.3319720338783760e+00 ]
   - !!opencv-matrix
      rows: 3
      cols: 1
      dt: d
      data: [ -4.8032777594629108e+00, -2.4199609979137331e+00,
          1.0686347308356252e+01 ]
   - !!opencv-matrix
      rows: 3
      cols: 1
      dt: d
      data: [ -3.2637763353270626e+00, -1.5177909171459967e+00,
          7.7154202361823421e+00 ]
   - !!opencv-matrix
      rows: 3
      cols: 1
      dt: d
      data: [ -3.2309732925598644e+00, -2.2978620428433278e+00,
          1.2032818108882555e+01 ]
newcameramtx: !!opencv-matrix
   rows: 0
   cols: 1
   dt: d
   data: []
mapx: !!opencv-matrix
   rows: 0
   cols: 1
   dt: d
   data: []
mapy: !!opencv-matrix
   rows: 0
   cols: 1
   dt: d
   data: []
